1, 0.083201
2, 0.091972
3, 0.137138
4, 0.144977
5, 0.114488
6, 0.093637
7, 0.157626
8, 0.138447
9, 0.061223
10, 0.159268
11, 0.113972
12, 0.034429
13, 0.144643
14, 0.138657
15, 0.202633
16, 0.209717
17, 0.067626
18, 0.222757
19, 0.138285
20, 0.128815
21, 0.074751
22, 0.116420
23, 0.170995
24, 0.137755
25, 0.117654
26, 0.211246
27, 0.173856
28, 0.179801
29, 0.111615
30, 0.161035
31, 0.156520
32, 0.110627
33, 0.119829
34, 0.182962
35, 0.211707
36, 0.287891
37, 0.172200
38, 0.173569
39, 0.115400
40, 0.199845
41, 0.129462
42, 0.093319
43, 0.119930
44, 0.218510
45, 0.110255
46, 0.181818
47, 0.181069
48, 0.128222
49, 0.070536
50, 0.222485
