1, 0.238588
2, 0.041506
3, 0.044511
4, 0.013664
5, 0.046109
6, 0.037027
7, 0.000793
8, 0.021596
9, 0.067737
10, 0.054851
11, 0.098979
12, 0.052267
13, 0.011351
14, 0.035375
15, 0.068318
16, 0.027311
17, 0.077765
18, 0.043584
19, 0.052382
20, 0.056312
21, 0.053626
22, 0.216231
23, 0.138490
24, 0.090912
25, 0.063864
26, 0.122913
27, 0.064563
28, 0.157074
29, 0.602134
30, 0.071144
31, 0.131241
32, 0.282015
33, 0.123883
34, 0.039419
35, 0.147915
36, 0.270465
37, 0.076097
38, 0.196097
39, 0.109193
40, 0.259574
41, 0.390821
42, 0.126772
43, 0.137079
44, 0.091987
45, 0.058789
46, 0.083351
47, 0.175362
48, 0.252941
49, 0.109764
50, 0.107859
51, 0.087054
52, 0.137551
53, 0.064373
54, 0.113634
55, 0.159984
56, 0.117442
57, 0.058567
58, 0.054269
59, 0.056836
60, 0.033902
61, 0.118936
62, 0.129125
63, 0.012707
64, 0.406851
65, 0.220294
66, 0.073488
67, 0.067603
68, 0.248285
69, 0.208872
70, 0.080708
71, 0.108893
72, 0.123690
73, 0.033828
74, 0.025787
75, 0.032210
76, 0.622241
77, 0.351716
78, 0.107360
79, 0.027498
80, 0.034488
81, 0.043679
82, 0.205431
83, 0.040513
84, 0.067607
85, 0.015289
86, 0.048545
87, 0.048062
88, 0.135254
89, 0.382144
90, 0.151877
91, 0.067921
92, 0.017213
93, 0.033070
94, 0.030693
95, 0.103989
96, 0.029404
97, 0.018240
98, 0.277705
99, 0.070467
100, 0.199378
