0.000000 0.172774
1.000000 0.065234
2.000000 0.113600
3.000000 0.312575
4.000000 0.038101
5.000000 0.077585
6.000000 0.061457
7.000000 0.029914
8.000000 0.038480
9.000000 0.016305
10.000000 0.006771
11.000000 0.001253
12.000000 0.003121
13.000000 0.006160
14.000000 0.005433
15.000000 0.009887
16.000000 0.007769
17.000000 0.007865
18.000000 0.006480
19.000000 0.008268
20.000000 0.021815
21.000000 0.012666
22.000000 0.005885
23.000000 0.000932
24.000000 0.013118
25.000000 0.026456
26.000000 0.025117
27.000000 0.022227
28.000000 0.015170
29.000000 0.017518
30.000000 0.042908
31.000000 0.046979
32.000000 0.024538
33.000000 0.031764
34.000000 0.012383
35.000000 0.015887
36.000000 0.017792
37.000000 0.027140
38.000000 0.096737
39.000000 0.166710
40.000000 0.249984
41.000000 0.162451
42.000000 0.069351
43.000000 0.026302
44.000000 0.078648
45.000000 0.056585
46.000000 0.024293
47.000000 0.036974
48.000000 0.038053
49.000000 0.046394
50.000000 0.049201
51.000000 0.051973
52.000000 0.058579
53.000000 0.057974
54.000000 0.061056
55.000000 0.044417
56.000000 0.033806
57.000000 0.038937
58.000000 0.033153
59.000000 0.054685
60.000000 0.039263
61.000000 0.047991
62.000000 0.056604
63.000000 0.038205
64.000000 0.049667
65.000000 0.068490
66.000000 0.045706
67.000000 0.079057
68.000000 0.075977
69.000000 0.085209
70.000000 0.055158
71.000000 0.049689
72.000000 0.041021
73.000000 0.017857
74.000000 0.023244
75.000000 0.017401
76.000000 0.051976
77.000000 0.082664
78.000000 0.129009
79.000000 0.093411
80.000000 0.034148
81.000000 0.042366
82.000000 0.023149
83.000000 0.018668
84.000000 0.029695
85.000000 0.030124
86.000000 0.041941
87.000000 0.043682
88.000000 0.042519
89.000000 0.032070
90.000000 0.050830
91.000000 0.034642
92.000000 0.060659
93.000000 0.061952
94.000000 0.053791
95.000000 0.033165
96.000000 0.021416
97.000000 0.019730
98.000000 0.022471
99.000000 0.035077
