1, 0.370256
2, 0.241247
3, 0.118749
4, 0.188682
5, 0.362056
6, 0.354117
7, 0.295749
8, 0.404823
9, 0.362194
10, 0.407558
11, 0.544488
12, 0.168186
13, 0.383618
14, 0.205177
15, 0.133212
16, 0.539956
17, 0.315241
18, 0.259203
19, 0.319774
20, 0.246367
21, 0.103980
22, 0.234450
23, 1.043846
24, 0.183524
25, 0.718614
26, 0.460239
27, 0.662478
28, 0.403054
29, 0.414826
30, 0.346234
31, 0.462384
32, 0.303743
33, 0.287367
34, 0.297235
35, 0.293481
36, 0.329525
37, 0.225477
38, 0.249876
39, 0.123877
40, 0.113740
41, 0.494823
42, 0.215495
43, 0.283558
44, 0.415619
45, 0.527708
46, 0.394582
47, 0.109276
48, 0.174716
49, 0.213962
50, 0.234915
51, 0.231435
52, 0.179127
53, 0.114093
54, 0.158864
55, 0.608282
56, 0.595638
57, 0.540303
58, 0.244011
59, 0.216212
60, 0.482324
61, 0.485206
62, 0.430520
63, 0.184817
64, 0.161231
65, 0.274751
66, 0.608504
67, 0.475665
68, 0.244002
69, 0.224154
70, 0.081157
71, 0.075345
72, 0.562000
73, 0.795864
74, 0.504439
75, 0.589940
76, 0.423878
77, 0.288591
78, 0.473491
79, 0.329321
80, 0.242398
81, 0.491093
82, 0.297364
83, 0.353699
84, 0.275516
85, 0.266056
86, 0.798801
87, 0.356958
88, 0.267700
89, 0.276242
90, 0.290953
91, 0.350519
92, 0.371378
93, 0.242015
94, 0.621457
95, 0.518575
96, 0.227241
97, 0.277551
98, 0.230727
99, 0.183444
100, 0.320529
