1,0.337815
2,0.177848
3,0.126998
4,0.118194
5,0.092607
6,0.083989
7,0.080913
8,0.078022
9,0.069369
10,0.062458
11,0.067836
12,0.061543
13,0.060542
14,0.059691
15,0.062264
16,0.056945
17,0.057700
18,0.059687
19,0.056148
20,0.056303
21,0.054275
22,0.058213
23,0.059666
24,0.058450
25,0.059342
26,0.059989
27,0.061986
28,0.055331
29,0.056757
30,0.054946
31,0.058448
32,0.057598
33,0.053713
34,0.055930
35,0.055801
36,0.049850
37,0.053098
38,0.054693
39,0.052115
40,0.045972
41,0.048451
42,0.045604
43,0.047140
44,0.046648
45,0.047413
46,0.044371
47,0.042723
48,0.044950
49,0.045993
50,0.044879
51,0.043957
52,0.044267
53,0.043953
54,0.044459
55,0.047022
56,0.040157
57,0.040113
58,0.041385
59,0.041656
60,0.040385
61,0.039348
62,0.036654
63,0.036546
64,0.037144
65,0.036890
66,0.037470
67,0.036968
68,0.038039
69,0.036478
70,0.037228
71,0.039687
72,0.036586
73,0.040263
74,0.039582
75,0.037105
76,0.039371
77,0.037724
78,0.040683
79,0.037306
80,0.035790
81,0.038041
82,0.036824
83,0.035329
84,0.035988
85,0.037400
86,0.036875
87,0.037030
88,0.035458
89,0.037751
90,0.039194
91,0.033324
92,0.038618
93,0.039282
94,0.033203
95,0.036296
96,0.037883
97,0.038151
98,0.035787
99,0.037003
100,0.037314
