0.000000 0.086774
1.000000 0.078215
2.000000 0.067866
3.000000 0.051847
4.000000 0.039307
5.000000 0.032184
6.000000 0.028174
7.000000 0.030397
8.000000 0.031159
9.000000 0.028384
10.000000 0.029861
11.000000 0.024095
12.000000 0.022921
13.000000 0.023258
14.000000 0.021463
15.000000 0.020059
16.000000 0.018909
17.000000 0.018076
18.000000 0.017963
19.000000 0.019386
20.000000 0.016884
21.000000 0.018163
22.000000 0.016574
23.000000 0.016577
24.000000 0.017594
25.000000 0.014774
26.000000 0.014889
27.000000 0.016098
28.000000 0.014362
29.000000 0.015147
30.000000 0.015579
31.000000 0.014261
32.000000 0.014613
33.000000 0.013833
34.000000 0.015021
35.000000 0.015325
36.000000 0.015565
37.000000 0.014007
38.000000 0.015269
39.000000 0.014233
40.000000 0.013630
41.000000 0.015755
42.000000 0.015888
43.000000 0.014367
44.000000 0.013390
45.000000 0.014289
46.000000 0.012798
47.000000 0.013318
48.000000 0.013394
49.000000 0.015855
50.000000 0.013315
51.000000 0.012553
52.000000 0.012073
53.000000 0.013166
54.000000 0.011716
55.000000 0.013088
56.000000 0.012080
57.000000 0.012166
58.000000 0.013040
59.000000 0.011715
60.000000 0.012087
61.000000 0.011470
62.000000 0.011525
63.000000 0.010916
64.000000 0.012355
65.000000 0.011168
66.000000 0.011444
67.000000 0.011257
68.000000 0.011385
69.000000 0.011736
70.000000 0.010685
71.000000 0.011724
72.000000 0.011532
73.000000 0.011478
74.000000 0.012238
75.000000 0.012195
76.000000 0.012783
77.000000 0.011563
78.000000 0.012113
79.000000 0.011602
80.000000 0.011235
81.000000 0.011490
82.000000 0.011437
83.000000 0.011945
84.000000 0.011547
85.000000 0.011918
86.000000 0.011398
87.000000 0.010342
88.000000 0.012126
89.000000 0.011080
90.000000 0.010419
91.000000 0.010965
92.000000 0.010608
93.000000 0.010987
94.000000 0.009886
95.000000 0.010127
96.000000 0.010141
97.000000 0.011338
98.000000 0.010706
99.000000 0.010637
