1,0.255441
2,0.090581
3,0.077779
4,0.065274
5,0.065609
6,0.064634
7,0.057152
8,0.058455
9,0.058400
10,0.055114
11,0.051456
12,0.049912
13,0.046608
14,0.046363
15,0.048581
16,0.050859
17,0.048054
18,0.051569
19,0.042862
20,0.044102
21,0.043162
22,0.044623
23,0.047078
24,0.038980
25,0.038524
26,0.033519
27,0.032817
28,0.030494
29,0.033495
30,0.030362
31,0.030104
32,0.030646
33,0.027781
34,0.030403
35,0.034870
36,0.032045
37,0.030886
38,0.033318
39,0.032679
40,0.030723
41,0.033566
42,0.031264
43,0.033362
44,0.031957
45,0.034342
46,0.032019
47,0.031318
48,0.028001
49,0.032175
50,0.029887
51,0.030042
52,0.033139
53,0.029517
54,0.029177
55,0.030971
56,0.035034
57,0.034110
58,0.030969
59,0.029159
60,0.029721
61,0.028235
62,0.028857
63,0.029317
64,0.027390
65,0.027373
66,0.028502
67,0.026721
68,0.027003
69,0.028225
70,0.030716
71,0.028967
72,0.031920
73,0.034724
74,0.032659
75,0.028977
76,0.024966
77,0.028568
78,0.032511
79,0.029434
80,0.029687
81,0.027084
82,0.027371
83,0.025982
84,0.026879
85,0.026570
86,0.026713
87,0.027083
88,0.025443
89,0.026294
90,0.025815
91,0.027115
92,0.028235
93,0.030338
94,0.026647
95,0.028924
96,0.027118
97,0.026454
98,0.025686
99,0.026683
100,0.028179
