0.000000 0.089355
1.000000 0.075413
2.000000 0.057313
3.000000 0.040573
4.000000 0.027189
5.000000 0.025561
6.000000 0.026957
7.000000 0.024053
8.000000 0.022643
9.000000 0.021307
10.000000 0.018893
11.000000 0.020032
12.000000 0.020443
13.000000 0.019343
14.000000 0.016868
15.000000 0.017157
16.000000 0.016168
17.000000 0.015848
18.000000 0.015329
19.000000 0.014471
20.000000 0.013996
21.000000 0.014447
22.000000 0.014094
23.000000 0.013752
24.000000 0.014307
25.000000 0.014738
26.000000 0.014600
27.000000 0.015908
28.000000 0.014555
29.000000 0.014247
30.000000 0.014854
31.000000 0.014323
32.000000 0.015075
33.000000 0.013406
34.000000 0.013484
35.000000 0.013987
36.000000 0.013193
37.000000 0.012584
38.000000 0.013104
39.000000 0.012720
40.000000 0.013422
41.000000 0.012450
42.000000 0.012862
43.000000 0.013926
44.000000 0.012605
45.000000 0.011399
46.000000 0.013316
47.000000 0.013600
48.000000 0.013797
49.000000 0.012801
50.000000 0.012087
51.000000 0.012301
52.000000 0.011739
53.000000 0.011358
54.000000 0.012186
55.000000 0.011730
56.000000 0.011954
57.000000 0.011362
58.000000 0.012122
59.000000 0.012856
60.000000 0.011836
61.000000 0.012365
62.000000 0.011832
63.000000 0.011138
64.000000 0.011700
65.000000 0.011683
66.000000 0.011409
67.000000 0.011164
68.000000 0.011170
69.000000 0.012171
70.000000 0.012576
71.000000 0.011748
72.000000 0.011838
73.000000 0.011903
74.000000 0.012499
75.000000 0.013017
76.000000 0.011785
77.000000 0.012257
78.000000 0.011746
79.000000 0.013933
80.000000 0.011736
81.000000 0.012416
82.000000 0.012669
83.000000 0.012880
84.000000 0.012321
85.000000 0.012382
86.000000 0.012203
87.000000 0.012958
88.000000 0.011366
89.000000 0.011701
90.000000 0.015695
91.000000 0.014360
92.000000 0.012079
93.000000 0.012771
94.000000 0.013388
95.000000 0.011709
96.000000 0.013290
97.000000 0.013159
98.000000 0.011333
99.000000 0.011306
