1,0.294197
2,0.140145
3,0.126267
4,0.109508
5,0.095490
6,0.077712
7,0.079210
8,0.071422
9,0.068973
10,0.069263
11,0.067337
12,0.062985
13,0.058522
14,0.058305
15,0.054597
16,0.055961
17,0.058895
18,0.056549
19,0.055856
20,0.058536
21,0.060059
22,0.051004
23,0.052017
24,0.053104
25,0.053185
26,0.049518
27,0.050556
28,0.049389
29,0.049948
30,0.051067
31,0.048536
32,0.044256
33,0.049355
34,0.049932
35,0.046961
36,0.049220
37,0.047881
38,0.049843
39,0.045002
40,0.048207
41,0.044750
42,0.046646
43,0.045723
44,0.043784
45,0.043213
46,0.041603
47,0.042117
48,0.039850
49,0.041675
50,0.040147
51,0.045022
52,0.041072
53,0.041951
54,0.042355
55,0.042542
56,0.044937
57,0.043183
58,0.040413
59,0.039507
60,0.045187
61,0.037476
62,0.037593
63,0.040267
64,0.039145
65,0.037169
66,0.039804
67,0.040316
68,0.042638
69,0.041851
70,0.050729
71,0.043518
72,0.037606
73,0.039859
74,0.041660
75,0.040284
76,0.040560
77,0.035043
78,0.038261
79,0.038542
80,0.039047
81,0.038588
82,0.037737
83,0.039639
84,0.036774
85,0.034485
86,0.034754
87,0.036205
88,0.036027
89,0.038712
90,0.039240
91,0.043672
92,0.038166
93,0.039521
94,0.041933
95,0.039563
96,0.038578
97,0.036915
98,0.039733
99,0.040336
100,0.039098
