0.000000 0.155579
1.000000 0.118182
2.000000 0.070536
3.000000 0.053634
4.000000 0.053969
5.000000 0.045821
6.000000 0.044326
7.000000 0.040695
8.000000 0.041631
9.000000 0.039306
10.000000 0.034098
11.000000 0.034436
12.000000 0.031969
13.000000 0.030606
14.000000 0.031866
15.000000 0.032173
16.000000 0.029742
17.000000 0.032675
18.000000 0.029498
19.000000 0.030164
20.000000 0.028560
21.000000 0.027676
22.000000 0.026362
23.000000 0.027794
24.000000 0.029599
25.000000 0.029988
26.000000 0.030219
27.000000 0.028606
28.000000 0.026116
29.000000 0.025981
30.000000 0.026487
31.000000 0.025742
32.000000 0.025630
33.000000 0.024660
34.000000 0.024560
35.000000 0.024698
36.000000 0.024662
37.000000 0.025771
38.000000 0.023094
39.000000 0.026337
40.000000 0.023280
41.000000 0.024900
42.000000 0.026494
43.000000 0.024044
44.000000 0.023332
45.000000 0.023126
46.000000 0.023778
47.000000 0.022597
48.000000 0.022623
49.000000 0.021979
50.000000 0.021942
51.000000 0.023850
52.000000 0.022008
53.000000 0.022769
54.000000 0.023391
55.000000 0.023184
56.000000 0.022418
57.000000 0.022357
58.000000 0.022069
59.000000 0.021411
60.000000 0.020948
61.000000 0.019107
62.000000 0.020769
63.000000 0.020511
64.000000 0.021337
65.000000 0.018317
66.000000 0.021228
67.000000 0.018916
68.000000 0.020751
69.000000 0.019653
70.000000 0.018386
71.000000 0.020977
72.000000 0.018249
73.000000 0.021542
74.000000 0.020734
75.000000 0.019469
76.000000 0.020646
77.000000 0.019352
78.000000 0.020135
79.000000 0.021426
80.000000 0.021881
81.000000 0.020003
82.000000 0.020178
83.000000 0.021914
84.000000 0.021852
85.000000 0.020800
86.000000 0.019547
87.000000 0.018935
88.000000 0.020601
89.000000 0.020006
90.000000 0.019696
91.000000 0.020611
92.000000 0.021972
93.000000 0.020085
94.000000 0.022167
95.000000 0.021860
96.000000 0.019563
97.000000 0.021328
98.000000 0.020940
99.000000 0.020317
