0.000000 0.084048
1.000000 0.072872
2.000000 0.064529
3.000000 0.055330
4.000000 0.037921
5.000000 0.030836
6.000000 0.027560
7.000000 0.026709
8.000000 0.028734
9.000000 0.028989
10.000000 0.026833
11.000000 0.026345
12.000000 0.024210
13.000000 0.025121
14.000000 0.023299
15.000000 0.021516
16.000000 0.022921
17.000000 0.019830
18.000000 0.019859
19.000000 0.018244
20.000000 0.019585
21.000000 0.016794
22.000000 0.017189
23.000000 0.017688
24.000000 0.016359
25.000000 0.016603
26.000000 0.016617
27.000000 0.015312
28.000000 0.015838
29.000000 0.016072
30.000000 0.015183
31.000000 0.013404
32.000000 0.014304
33.000000 0.013932
34.000000 0.013447
35.000000 0.014173
36.000000 0.013375
37.000000 0.013408
38.000000 0.013524
39.000000 0.012784
40.000000 0.014181
41.000000 0.013346
42.000000 0.013148
43.000000 0.013763
44.000000 0.013942
45.000000 0.013632
46.000000 0.015499
47.000000 0.013346
48.000000 0.013492
49.000000 0.013022
50.000000 0.013285
51.000000 0.012767
52.000000 0.012004
53.000000 0.011818
54.000000 0.012649
55.000000 0.012225
56.000000 0.012167
57.000000 0.013039
58.000000 0.012175
59.000000 0.012018
60.000000 0.011911
61.000000 0.013962
62.000000 0.012481
63.000000 0.011601
64.000000 0.012621
65.000000 0.011932
66.000000 0.011962
67.000000 0.011541
68.000000 0.012312
69.000000 0.012588
70.000000 0.012908
71.000000 0.012631
72.000000 0.013222
73.000000 0.011413
74.000000 0.011506
75.000000 0.012278
76.000000 0.012236
77.000000 0.011703
78.000000 0.011616
79.000000 0.012194
80.000000 0.012048
81.000000 0.012028
82.000000 0.012819
83.000000 0.014114
84.000000 0.012586
85.000000 0.012660
86.000000 0.011667
87.000000 0.010816
88.000000 0.011158
89.000000 0.010575
90.000000 0.010596
91.000000 0.011253
92.000000 0.010238
93.000000 0.010328
94.000000 0.011948
95.000000 0.010771
96.000000 0.011371
97.000000 0.010557
98.000000 0.011494
99.000000 0.011710
