0.000000 0.171992
1.000000 0.167767
2.000000 0.124998
3.000000 0.077891
4.000000 0.054390
5.000000 0.066185
6.000000 0.070524
7.000000 0.062173
8.000000 0.051542
9.000000 0.047284
10.000000 0.047052
11.000000 0.044271
12.000000 0.038425
13.000000 0.035493
14.000000 0.037102
15.000000 0.036124
16.000000 0.035031
17.000000 0.034061
18.000000 0.036500
19.000000 0.034790
20.000000 0.033012
21.000000 0.033528
22.000000 0.030478
23.000000 0.031252
24.000000 0.030377
25.000000 0.029551
26.000000 0.028672
27.000000 0.029377
28.000000 0.028979
29.000000 0.029186
30.000000 0.027758
31.000000 0.030526
32.000000 0.027823
33.000000 0.028058
34.000000 0.027703
35.000000 0.027832
36.000000 0.028229
37.000000 0.026971
38.000000 0.028653
39.000000 0.029579
40.000000 0.029744
41.000000 0.027958
42.000000 0.025528
43.000000 0.028069
44.000000 0.029445
45.000000 0.028285
46.000000 0.027715
47.000000 0.028961
48.000000 0.029459
49.000000 0.028536
50.000000 0.030786
51.000000 0.029015
52.000000 0.029171
53.000000 0.027107
54.000000 0.027055
55.000000 0.026981
56.000000 0.026867
57.000000 0.024852
58.000000 0.025600
59.000000 0.024370
60.000000 0.025589
61.000000 0.024445
62.000000 0.025966
63.000000 0.025070
64.000000 0.026893
65.000000 0.023480
66.000000 0.022940
67.000000 0.022394
68.000000 0.023431
69.000000 0.024086
70.000000 0.023025
71.000000 0.022753
72.000000 0.021332
73.000000 0.021960
74.000000 0.022743
75.000000 0.021636
76.000000 0.021235
77.000000 0.021498
78.000000 0.020788
79.000000 0.021623
80.000000 0.021482
81.000000 0.022287
82.000000 0.022415
83.000000 0.021243
84.000000 0.020668
85.000000 0.021340
86.000000 0.020836
87.000000 0.021858
88.000000 0.023205
89.000000 0.020907
90.000000 0.022061
91.000000 0.022095
92.000000 0.023579
93.000000 0.023979
94.000000 0.022784
95.000000 0.022843
96.000000 0.023565
97.000000 0.023622
98.000000 0.025516
99.000000 0.025427
