1, 0.146894
2, 0.006960
3, 0.149165
4, 0.135805
5, 0.045655
6, 0.162391
7, 0.050831
8, 0.191383
9, 0.106783
10, 0.069041
11, 0.028619
12, 0.063574
13, 0.081396
14, 0.050632
15, 0.060010
16, 0.013256
17, 0.014885
18, 0.014097
19, 0.023022
20, 0.194238
21, 0.052675
22, 0.052154
23, 0.117278
24, 0.054939
25, 0.056528
26, 0.151834
27, 0.092147
28, 0.149391
29, 0.030906
30, 0.098229
31, 0.066302
32, 0.158183
33, 0.158884
34, 0.102597
35, 0.135980
36, 0.128519
37, 0.082910
38, 0.092444
39, 0.098555
40, 0.054739
41, 0.093076
42, 0.233743
43, 0.090293
44, 0.006707
45, 0.023065
46, 0.076362
47, 0.054476
48, 0.038211
49, 0.018500
50, 0.016416
51, 0.029371
52, 0.061370
53, 0.300621
54, 0.162937
55, 0.187110
56, 0.051249
57, 0.037691
58, 0.024530
59, 0.061712
60, 0.373362
61, 0.196595
62, 0.048259
63, 0.032145
64, 0.044129
65, 0.032766
66, 0.038550
67, 0.088736
68, 0.152596
69, 0.136990
70, 0.036753
71, 0.011117
72, 0.021783
73, 0.253750
74, 0.335670
75, 0.104643
76, 0.015133
77, 0.034206
78, 0.024746
79, 0.058326
80, 0.110559
81, 0.329592
82, 0.040660
83, 0.011507
84, 0.010483
85, 0.041188
86, 0.029325
87, 0.022093
88, 0.078422
89, 0.143085
90, 0.075882
91, 0.021221
92, 0.002061
93, 0.093979
94, 0.375166
95, 0.104587
96, 0.068017
97, 0.064161
98, 0.095469
99, 0.582057
100, 0.467673
