0.000000 0.128158
1.000000 0.038409
2.000000 0.027592
3.000000 0.018730
4.000000 0.004901
5.000000 0.006919
6.000000 -0.003834
7.000000 0.015357
8.000000 -0.010153
9.000000 0.011079
10.000000 0.002189
11.000000 0.021993
12.000000 -0.008299
13.000000 -0.003959
14.000000 -0.001301
15.000000 0.009274
16.000000 -0.002490
17.000000 0.004481
18.000000 0.010673
19.000000 0.005354
20.000000 0.010398
21.000000 0.050065
22.000000 0.033248
23.000000 0.019668
24.000000 -0.012941
25.000000 0.019209
26.000000 -0.014861
27.000000 0.013568
28.000000 0.004894
29.000000 0.004909
30.000000 0.003051
31.000000 0.001511
32.000000 0.009851
33.000000 0.013770
34.000000 0.013380
35.000000 -0.004261
36.000000 -0.016957
37.000000 -0.016939
38.000000 -0.001800
39.000000 0.195531
40.000000 0.126669
41.000000 0.026262
42.000000 0.017576
43.000000 -0.009849
44.000000 0.033315
45.000000 0.014384
46.000000 0.018060
47.000000 0.014052
48.000000 0.016950
49.000000 0.014856
50.000000 0.014111
51.000000 0.011830
52.000000 0.010937
53.000000 0.011684
54.000000 0.032510
55.000000 0.024071
56.000000 0.028128
57.000000 0.008326
58.000000 0.004475
59.000000 0.002368
60.000000 0.011148
61.000000 0.024469
62.000000 0.018360
63.000000 0.019102
64.000000 0.015420
65.000000 0.014434
66.000000 0.006460
67.000000 0.011715
68.000000 0.017433
69.000000 0.017277
70.000000 0.015803
71.000000 0.009611
72.000000 0.011680
73.000000 0.015214
74.000000 0.015603
75.000000 0.032492
76.000000 0.030726
77.000000 0.041312
78.000000 0.016692
79.000000 0.029701
80.000000 0.029083
81.000000 0.011250
82.000000 0.032836
83.000000 0.036239
84.000000 0.015671
85.000000 0.034567
86.000000 0.024260
87.000000 0.026901
88.000000 0.018537
89.000000 0.021098
90.000000 0.019947
91.000000 0.025876
92.000000 0.028703
93.000000 0.020822
94.000000 0.022842
95.000000 0.016904
96.000000 0.022940
97.000000 0.021756
98.000000 0.010930
99.000000 0.012187
