0.000000 0.346511
1.000000 0.086222
2.000000 0.063368
3.000000 0.112409
4.000000 0.941731
5.000000 0.095305
6.000000 0.383427
7.000000 0.063384
8.000000 0.045030
9.000000 0.164930
10.000000 0.044611
11.000000 0.001330
12.000000 0.005542
13.000000 0.025735
14.000000 0.035873
15.000000 0.033628
16.000000 0.031660
17.000000 0.038316
18.000000 0.047601
19.000000 0.040328
20.000000 0.033039
21.000000 0.017156
22.000000 0.024651
23.000000 0.014610
24.000000 0.016229
25.000000 0.045684
26.000000 0.052305
27.000000 0.034908
28.000000 0.041383
29.000000 0.047200
30.000000 0.027589
31.000000 0.034556
32.000000 0.047376
33.000000 0.055746
34.000000 0.060920
35.000000 0.093415
36.000000 0.101764
37.000000 0.071222
38.000000 0.102640
39.000000 0.041169
40.000000 0.068894
41.000000 0.030035
42.000000 0.104236
43.000000 0.039526
44.000000 0.071456
45.000000 0.037729
46.000000 0.172944
47.000000 0.104799
48.000000 0.133110
49.000000 0.108148
50.000000 0.026644
51.000000 0.018586
52.000000 0.073722
53.000000 0.055455
54.000000 0.146630
55.000000 0.164331
56.000000 0.156611
57.000000 0.369678
58.000000 0.263620
59.000000 0.175967
60.000000 0.323885
61.000000 0.127995
62.000000 0.106683
63.000000 0.095147
64.000000 0.126119
65.000000 0.061821
66.000000 0.032499
67.000000 0.029161
68.000000 0.045567
69.000000 0.069964
70.000000 0.048612
71.000000 0.050279
72.000000 0.073310
73.000000 0.073960
74.000000 0.072213
75.000000 0.059321
76.000000 0.068808
77.000000 0.041217
78.000000 0.050489
79.000000 0.033660
80.000000 0.040719
81.000000 0.048662
82.000000 0.049684
83.000000 0.078225
84.000000 0.060033
85.000000 0.068766
86.000000 0.128859
87.000000 0.083454
88.000000 0.112051
89.000000 0.070939
90.000000 0.068535
91.000000 0.035650
92.000000 0.038420
93.000000 0.075071
94.000000 0.130860
95.000000 0.116394
96.000000 0.142182
97.000000 0.080665
98.000000 0.045488
99.000000 0.051763
