1, 0.652268
2, 0.517338
3, 0.193524
4, 0.069601
5, 0.063661
6, 0.022341
7, 0.053519
8, 0.090450
9, 0.135134
10, 0.070389
11, 0.052107
12, 0.047182
13, 0.066197
14, 0.089599
15, 0.023368
16, 0.057508
17, 0.176560
18, 0.396004
19, 0.243777
20, 0.252063
21, 0.220716
22, 0.199447
23, 0.233226
24, 0.249423
25, 0.189142
26, 0.131362
27, 0.141214
28, 0.198596
29, 0.397770
30, 0.391619
31, 0.181152
32, 0.112520
33, 0.087607
34, 0.111984
35, 0.195279
36, 0.220180
37, 0.211657
38, 0.204605
39, 0.318674
40, 0.467498
41, 0.184341
42, 0.317147
43, 0.150550
44, 0.184289
45, 0.147515
46, 0.187846
47, 0.221953
48, 0.290408
49, 0.223243
50, 0.192855
51, 0.231988
52, 0.270954
53, 0.333935
54, 0.779566
55, 0.725360
56, 1.317819
57, 0.708968
58, 0.425909
59, 0.371651
60, 0.327106
61, 0.283598
62, 0.273423
63, 0.245808
64, 0.226519
65, 0.211742
66, 0.214438
67, 0.173839
68, 0.202892
69, 0.166466
70, 0.123772
71, 0.159095
72, 0.103498
73, 0.205021
74, 0.600992
75, 0.537176
76, 0.300901
77, 0.351248
78, 0.362669
79, 0.267457
80, 0.295649
81, 0.212562
82, 0.229555
83, 0.283191
84, 0.322838
85, 0.372572
86, 0.546814
87, 0.307456
88, 0.201632
89, 0.238392
90, 0.177580
91, 0.175634
92, 0.150660
93, 0.158322
94, 0.090750
95, 0.093835
96, 0.096645
97, 0.100362
98, 0.110548
99, 0.117878
100, 0.145477
