0.000000 0.142249
1.000000 0.105481
2.000000 0.003229
3.000000 0.000153
4.000000 0.005013
5.000000 0.004320
6.000000 0.003567
7.000000 0.004924
8.000000 0.000671
9.000000 0.001346
10.000000 -0.001829
11.000000 -0.004707
12.000000 0.017245
13.000000 0.013158
14.000000 -0.019355
15.000000 -0.001641
16.000000 -0.007765
17.000000 0.009645
18.000000 -0.022426
19.000000 0.006735
20.000000 0.002549
21.000000 0.004104
22.000000 0.024205
23.000000 0.070640
24.000000 0.017030
25.000000 -0.003504
26.000000 0.024021
27.000000 -0.008283
28.000000 0.002346
29.000000 0.007333
30.000000 0.006257
31.000000 0.004798
32.000000 0.010444
33.000000 0.008897
34.000000 0.002295
35.000000 0.001063
36.000000 0.006537
37.000000 0.004387
38.000000 0.005379
39.000000 0.008384
40.000000 0.018345
41.000000 0.018772
42.000000 0.009611
43.000000 0.012125
44.000000 0.031713
45.000000 -0.011040
46.000000 -0.010175
47.000000 0.009784
48.000000 -0.016695
49.000000 0.026727
50.000000 0.015767
51.000000 0.014325
52.000000 0.002376
53.000000 0.006797
54.000000 0.020890
55.000000 0.025942
56.000000 0.033793
57.000000 0.012121
58.000000 -0.000599
59.000000 0.016772
60.000000 0.044532
61.000000 0.009767
62.000000 -0.004097
63.000000 0.001798
64.000000 0.026187
65.000000 0.027332
66.000000 0.027135
67.000000 0.044046
68.000000 0.028272
69.000000 0.021383
70.000000 0.012202
71.000000 0.003359
72.000000 0.020119
73.000000 0.028677
74.000000 0.024579
75.000000 0.039816
76.000000 0.021650
77.000000 0.010079
78.000000 0.026849
79.000000 0.026139
80.000000 0.000000
81.000000 0.002303
82.000000 0.049437
83.000000 0.181511
84.000000 -0.004934
85.000000 0.011065
86.000000 0.013189
87.000000 0.010155
88.000000 0.016297
89.000000 0.010386
90.000000 0.018043
91.000000 0.016069
92.000000 0.016131
93.000000 -0.001806
94.000000 -0.000931
95.000000 0.016858
96.000000 0.020120
97.000000 0.018794
98.000000 0.008184
99.000000 0.015222
