1, 0.321596
2, 0.038306
3, 0.032714
4, -0.005381
5, 0.114817
6, 0.062042
7, 0.075463
8, 0.047706
9, 0.027984
10, 0.036077
11, 0.030655
12, 0.057002
13, 0.041567
14, 0.058472
15, 0.107184
16, 0.092518
17, 0.035368
18, 0.127332
19, 0.075996
20, 0.152532
21, 0.121211
22, 0.087654
23, 0.152849
24, 0.362845
25, 0.128432
26, 0.099247
27, 0.069359
28, 0.099419
29, 0.118415
30, 0.100637
31, 0.094561
32, 0.082186
33, 0.107741
34, 0.080212
35, 0.036163
36, 0.062205
37, 0.068026
38, 0.803676
39, 0.326842
40, 0.079346
41, 0.057880
42, 0.062061
43, 0.069968
44, 0.048578
45, 0.050762
46, 0.083670
47, 0.393423
48, 0.092634
49, 0.150939
50, 0.156663
51, 0.132229
52, 0.159208
53, 0.151952
54, 0.057666
55, 0.029180
56, 0.089761
57, 0.056809
58, 0.029647
59, 0.059810
60, 0.072705
61, 0.120629
62, 0.098622
63, 0.126291
64, 0.132916
65, 0.069083
66, 0.074579
67, 0.093586
68, 0.129439
69, 0.072379
70, 0.130034
71, 0.158578
72, 0.195725
73, 0.110871
74, 0.066798
75, 0.042137
76, 0.046825
77, 0.101238
78, 0.081132
79, 0.037504
80, 0.090496
81, 0.187548
82, 0.404573
83, 0.159007
84, 0.118456
85, 0.288742
86, 0.182620
87, 0.029945
88, 0.125240
89, 0.174097
90, 0.258505
91, 0.266049
92, 0.150362
93, 0.037022
94, 0.057974
95, 0.029885
96, 0.066933
97, 0.081920
98, 0.032189
99, 0.094740
100, 0.090206
