1, 0.206744
2, 0.015613
3, 0.030632
4, 0.037976
5, 0.241904
6, 0.088792
7, 0.053153
8, 0.029136
9, 0.017928
10, 0.035313
11, 0.038055
12, 0.045689
13, 0.057208
14, 0.037132
15, 0.065161
16, 0.028916
17, 0.030355
18, -0.029700
19, 0.184259
20, 0.073795
21, 0.078679
22, 0.059309
23, 0.082831
24, 0.054622
25, 0.125667
26, 0.032349
27, 0.145384
28, 0.027215
29, 0.084065
30, 0.481794
31, 0.106695
32, 0.061209
33, 0.047489
34, 0.091532
35, 0.072727
36, 0.136906
37, 0.032922
38, 0.014376
39, 0.109152
40, 0.134561
41, 0.071975
42, 0.047775
43, 0.056896
44, 0.101663
45, -0.025675
46, 0.058323
47, 0.473669
48, 0.153062
49, 0.058680
50, 0.038718
51, 0.007480
52, 0.053381
53, 0.447415
54, 0.260597
55, 0.130742
56, 0.037797
57, 0.110699
58, 0.116743
59, 0.058718
60, 0.081612
61, 0.216729
62, 0.067920
63, 0.038207
64, 0.036268
65, 0.044009
66, 0.028734
67, 0.018480
68, 0.056682
69, 0.798368
70, 0.647066
71, 0.297247
72, 0.094088
73, 0.046935
74, 0.024366
75, 0.044064
76, 0.168322
77, 0.034198
78, 0.093133
79, 0.117271
80, 0.050222
81, 0.051613
82, 1.564200
83, 0.266554
84, 0.089902
85, 0.036280
86, 0.058907
87, 0.081841
88, 0.135378
89, 0.160102
90, 0.247286
91, 0.142057
92, 0.028590
93, 0.151380
94, 0.155116
95, 0.030308
96, 0.152522
97, 0.803058
98, 0.217152
99, 0.216786
100, 0.126067
