0.000000 0.171262
1.000000 0.065153
2.000000 0.165089
3.000000 0.287324
4.000000 0.104367
5.000000 0.035818
6.000000 0.114380
7.000000 0.067400
8.000000 0.045352
9.000000 0.027158
10.000000 0.008919
11.000000 0.012444
12.000000 0.007155
13.000000 0.007652
14.000000 0.007763
15.000000 0.009035
16.000000 0.006160
17.000000 0.003161
18.000000 0.006399
19.000000 0.018718
20.000000 0.017317
21.000000 0.018633
22.000000 0.038856
23.000000 0.029842
24.000000 0.024024
25.000000 0.037240
26.000000 0.014966
27.000000 0.013291
28.000000 0.029157
29.000000 0.106505
30.000000 0.065954
31.000000 0.141117
32.000000 0.187874
33.000000 0.074994
34.000000 0.069676
35.000000 0.035400
36.000000 0.028384
37.000000 0.044846
38.000000 0.041217
39.000000 0.042038
40.000000 0.063337
41.000000 0.072162
42.000000 0.123718
43.000000 0.060604
44.000000 0.061931
45.000000 0.047800
46.000000 0.026966
47.000000 0.028897
48.000000 0.030367
49.000000 0.019248
50.000000 0.037117
51.000000 0.033395
52.000000 0.058230
53.000000 0.069287
54.000000 0.046457
55.000000 0.059218
56.000000 0.062970
57.000000 0.025816
58.000000 0.020991
59.000000 0.015825
60.000000 0.016658
61.000000 0.013505
62.000000 0.032739
63.000000 0.022968
64.000000 0.041530
65.000000 0.043237
66.000000 0.057098
67.000000 0.066077
68.000000 0.036485
69.000000 0.014113
70.000000 0.026344
71.000000 0.106941
72.000000 0.120455
73.000000 0.119802
74.000000 0.035777
75.000000 0.028511
76.000000 0.033400
77.000000 0.106030
78.000000 0.028605
79.000000 0.069939
80.000000 0.078040
81.000000 0.060291
82.000000 0.123064
83.000000 0.057304
84.000000 0.033076
85.000000 0.046913
86.000000 0.038623
87.000000 0.023119
88.000000 0.051591
89.000000 0.474522
90.000000 0.540217
91.000000 0.249707
92.000000 0.054884
93.000000 0.418552
94.000000 0.184807
95.000000 0.025903
96.000000 0.044583
97.000000 0.066078
98.000000 0.062809
99.000000 0.052436
