1, 0.162047
2, 0.100220
3, 0.083326
4, 0.165823
5, 0.193166
6, 0.164105
7, 0.108684
8, 0.131389
9, 0.137780
10, 0.113230
11, 0.176349
12, 0.123365
13, 0.067410
14, 0.185594
15, 0.243166
16, 0.129467
17, 0.107792
18, 0.202564
19, 0.145199
20, 0.135165
21, 0.170718
22, 0.228396
23, 0.187305
24, 0.073813
25, 0.154534
26, 0.174067
27, 0.170206
28, 0.184386
29, 0.196605
30, 0.137854
31, 0.253455
32, 0.141028
33, 0.409710
34, 0.109752
35, 0.104600
36, 0.190553
37, 0.191781
38, 0.181146
39, 0.171218
40, 0.200998
41, 0.111694
42, 0.176958
43, 0.189649
44, 0.191779
45, 0.183664
46, 0.137367
47, 0.177874
48, 0.239908
49, 0.103851
50, 0.195125
51, 0.110010
52, 0.179744
53, 0.139637
54, 0.212115
55, 0.111657
56, 0.196728
57, 0.109750
58, 0.239548
59, 0.170631
60, 0.133246
61, 0.187500
62, 0.111683
63, 0.167928
64, 0.108594
65, 0.254028
66, 0.087014
67, 0.187046
68, 0.155024
69, 0.134871
70, 0.201455
71, 0.076768
72, 0.159763
73, 0.126820
74, 0.260434
75, 0.057258
76, 0.164527
77, 0.105220
78, 0.172325
79, 0.172527
80, 0.197529
81, 0.167099
82, 0.110863
83, 0.146084
84, 0.190848
85, 0.090652
86, 0.155944
87, 0.154773
88, 0.180622
89, 0.104340
90, 0.189927
91, 0.116838
92, 0.158777
93, 0.271320
94, 0.144911
95, 0.183215
96, 0.152204
97, 0.160003
98, 0.207857
99, 0.133510
100, 0.274676
