0.000000 0.259134
1.000000 0.009510
2.000000 0.022503
3.000000 0.012368
4.000000 0.015490
5.000000 0.008585
6.000000 0.020857
7.000000 0.061461
8.000000 0.020607
9.000000 0.011009
10.000000 0.013467
11.000000 -0.016284
12.000000 -0.002778
13.000000 -0.000418
14.000000 0.002131
15.000000 -0.007096
16.000000 -0.016362
17.000000 0.014692
18.000000 0.011469
19.000000 0.022740
20.000000 0.008090
21.000000 0.011550
22.000000 0.012375
23.000000 0.019219
24.000000 0.032679
25.000000 0.237880
26.000000 0.044168
27.000000 0.048988
28.000000 0.008827
29.000000 0.035217
30.000000 0.034950
31.000000 0.025760
32.000000 0.038977
33.000000 0.032013
34.000000 0.028121
35.000000 0.023489
36.000000 0.028962
37.000000 0.057258
38.000000 0.020264
39.000000 0.005756
40.000000 0.040958
41.000000 0.114553
42.000000 0.086826
43.000000 0.014870
44.000000 0.068471
45.000000 0.051624
46.000000 0.021190
47.000000 0.035259
48.000000 0.039278
49.000000 0.036074
50.000000 0.051389
51.000000 0.055724
52.000000 0.134618
53.000000 0.039811
54.000000 0.049706
55.000000 0.030048
56.000000 0.059766
57.000000 0.127765
58.000000 0.026070
59.000000 0.044619
60.000000 0.103162
61.000000 0.060227
62.000000 0.024075
63.000000 0.002239
64.000000 0.026016
65.000000 0.065943
66.000000 0.147193
67.000000 0.162279
68.000000 0.051995
69.000000 0.051543
70.000000 0.091515
71.000000 0.092455
72.000000 0.091488
73.000000 0.059609
74.000000 0.026577
75.000000 0.011996
76.000000 0.020591
77.000000 0.028871
78.000000 0.117335
79.000000 -0.013039
80.000000 0.022474
81.000000 0.050473
82.000000 0.145204
83.000000 0.028492
84.000000 0.002456
85.000000 0.005877
86.000000 0.041151
87.000000 0.029148
88.000000 0.011463
89.000000 0.036975
90.000000 0.090997
91.000000 0.045357
92.000000 0.013246
93.000000 0.057686
94.000000 0.101482
95.000000 0.072073
96.000000 0.056547
97.000000 0.038387
98.000000 0.041730
99.000000 0.033037
