1, 0.516075
2, 0.786759
3, 0.408546
4, 0.224233
5, 0.142366
6, 0.033907
7, 0.043929
8, 0.038123
9, 0.058583
10, 0.073657
11, 0.077642
12, 0.064255
13, 0.068166
14, 0.086713
15, 0.074583
16, 0.038832
17, 0.053916
18, 0.077619
19, 0.086622
20, 0.079867
21, 0.081595
22, 0.079271
23, 0.097519
24, 0.103151
25, 0.115495
26, 0.293025
27, 0.320139
28, 0.437739
29, 0.235147
30, 0.209243
31, 0.316322
32, 0.195524
33, 0.183111
34, 0.094170
35, 0.194731
36, 0.449588
37, 0.325326
38, 0.240467
39, 0.090885
40, 0.229536
41, 0.204752
42, 0.319619
43, 0.367438
44, 0.225436
45, 0.117801
46, 0.078963
47, 0.099930
48, 0.051955
49, 0.053973
50, 0.106507
51, 0.148951
52, 0.260057
53, 0.409393
54, 1.147935
55, 0.586078
56, 0.539429
57, 0.254877
58, 0.406824
59, 0.263850
60, 0.190081
61, 0.185949
62, 0.142828
63, 0.201922
64, 0.191751
65, 0.204576
66, 0.095875
67, 0.145923
68, 0.289350
69, 0.256311
70, 0.307299
71, 0.213343
72, 0.260996
73, 0.109800
74, 0.115447
75, 0.318632
76, 0.146210
77, 0.126354
78, 0.146904
79, 0.093492
80, 0.364878
81, 0.112525
82, 0.213197
83, 0.255247
84, 0.267143
85, 0.059951
86, 0.093989
87, 0.174181
88, 0.145468
89, 0.071202
90, 0.163892
91, 0.204135
92, 0.151095
93, 0.315372
94, 0.248185
95, 0.051083
96, 0.040219
97, 0.102705
98, 0.078822
99, 0.219457
100, 0.193357
