1,0.334254
2,0.179075
3,0.135657
4,0.117577
5,0.093683
6,0.087947
7,0.078920
8,0.077558
9,0.070763
10,0.066908
11,0.066685
12,0.067419
13,0.063834
14,0.067047
15,0.063221
16,0.061472
17,0.061135
18,0.063294
19,0.061661
20,0.061781
21,0.061862
22,0.061537
23,0.062771
24,0.058769
25,0.062776
26,0.057454
27,0.054483
28,0.050764
29,0.051574
30,0.051646
31,0.050285
32,0.055274
33,0.054103
34,0.054682
35,0.052945
36,0.053673
37,0.048832
38,0.047798
39,0.047977
40,0.048320
41,0.049948
42,0.050865
43,0.051732
44,0.049656
45,0.046741
46,0.049587
47,0.048930
48,0.050449
49,0.048874
50,0.046785
51,0.046895
52,0.044832
53,0.048912
54,0.041284
55,0.043441
56,0.044642
57,0.044240
58,0.040259
59,0.037692
60,0.035145
61,0.036764
62,0.035683
63,0.034309
64,0.033592
65,0.034637
66,0.034843
67,0.033273
68,0.032864
69,0.037809
70,0.033458
71,0.033531
72,0.035068
73,0.033412
74,0.037846
75,0.032329
76,0.036878
77,0.032856
78,0.035344
79,0.034920
80,0.034558
81,0.035477
82,0.033533
83,0.032062
84,0.031838
85,0.032170
86,0.033307
87,0.032181
88,0.031253
89,0.032014
90,0.031267
91,0.034008
92,0.032126
93,0.030936
94,0.031965
95,0.031830
96,0.032385
97,0.033353
98,0.030959
99,0.033347
100,0.031314
