1,0.152522
2,0.078671
3,0.071244
4,0.062001
5,0.055697
6,0.052739
7,0.049693
8,0.049601
9,0.046077
10,0.044519
11,0.041651
12,0.039117
13,0.037574
14,0.038060
15,0.041733
16,0.037115
17,0.037701
18,0.035667
19,0.035828
20,0.033848
21,0.034819
22,0.036437
23,0.034436
24,0.033386
25,0.032355
26,0.034058
27,0.034886
28,0.034732
29,0.034636
30,0.033637
31,0.031722
32,0.033339
33,0.034559
34,0.035361
35,0.030964
36,0.028429
37,0.032520
38,0.032430
39,0.033121
40,0.034198
41,0.034166
42,0.035047
43,0.035906
44,0.033889
45,0.029875
46,0.031850
47,0.030991
48,0.032118
49,0.029939
50,0.034311
