1,0.299614
2,0.138193
3,0.130834
4,0.105829
5,0.085618
6,0.078911
7,0.074781
8,0.069971
9,0.070025
10,0.067873
11,0.060189
12,0.061102
13,0.059119
14,0.062561
15,0.058922
16,0.063396
17,0.054966
18,0.054179
19,0.053896
20,0.057615
21,0.057538
22,0.062407
23,0.057181
24,0.057101
25,0.053316
26,0.051810
27,0.051175
28,0.052644
29,0.057356
30,0.053878
31,0.048789
32,0.045288
33,0.046670
34,0.045334
35,0.046125
36,0.047410
37,0.051264
38,0.047548
39,0.044904
40,0.046948
41,0.044919
42,0.041591
43,0.039116
44,0.038044
45,0.038195
46,0.038480
47,0.040548
48,0.041594
49,0.038072
50,0.038388
51,0.038741
52,0.042263
53,0.040926
54,0.040603
55,0.041965
56,0.042299
57,0.041347
58,0.039749
59,0.036622
60,0.037621
61,0.041032
62,0.041355
63,0.044278
64,0.039498
65,0.038771
66,0.038623
67,0.037340
68,0.036790
69,0.036135
70,0.035922
71,0.035914
72,0.035326
73,0.036641
74,0.036547
75,0.036810
76,0.038248
77,0.034515
78,0.032708
79,0.036065
80,0.032898
81,0.033102
82,0.036588
83,0.039344
84,0.036646
85,0.036137
86,0.035076
87,0.036963
88,0.037874
89,0.036536
90,0.036849
91,0.033848
92,0.036614
93,0.032947
94,0.034605
95,0.035648
96,0.036258
97,0.038443
98,0.039975
99,0.041805
100,0.035892
