0.000000 0.087405
1.000000 0.079922
2.000000 0.055354
3.000000 0.033182
4.000000 0.026224
5.000000 0.029686
6.000000 0.028681
7.000000 0.026417
8.000000 0.022265
9.000000 0.020520
10.000000 0.021699
11.000000 0.020460
12.000000 0.019470
13.000000 0.018858
14.000000 0.018280
15.000000 0.019250
16.000000 0.017146
17.000000 0.016936
18.000000 0.016201
19.000000 0.015338
20.000000 0.014894
21.000000 0.014638
22.000000 0.014893
23.000000 0.014090
24.000000 0.014533
25.000000 0.013838
26.000000 0.014786
27.000000 0.013841
28.000000 0.014114
29.000000 0.013956
30.000000 0.013595
31.000000 0.013446
32.000000 0.013265
33.000000 0.013944
34.000000 0.013696
35.000000 0.013926
36.000000 0.013429
37.000000 0.013227
38.000000 0.012980
39.000000 0.013641
40.000000 0.012607
41.000000 0.014167
42.000000 0.015326
43.000000 0.013217
44.000000 0.012440
45.000000 0.013321
46.000000 0.012576
47.000000 0.012984
48.000000 0.013184
49.000000 0.012938
50.000000 0.010964
51.000000 0.011667
52.000000 0.011270
53.000000 0.011331
54.000000 0.011447
55.000000 0.011367
56.000000 0.011742
57.000000 0.012080
58.000000 0.011629
59.000000 0.012532
60.000000 0.011854
61.000000 0.011370
62.000000 0.010469
63.000000 0.012070
64.000000 0.010430
65.000000 0.010475
66.000000 0.010418
67.000000 0.011419
68.000000 0.012265
69.000000 0.011165
70.000000 0.011782
71.000000 0.011849
72.000000 0.011710
73.000000 0.011394
74.000000 0.012033
75.000000 0.011602
76.000000 0.012574
77.000000 0.012597
78.000000 0.010966
79.000000 0.011549
80.000000 0.012435
81.000000 0.011427
82.000000 0.010744
83.000000 0.012732
84.000000 0.011461
85.000000 0.011705
86.000000 0.012349
87.000000 0.011622
88.000000 0.012299
89.000000 0.012822
90.000000 0.011617
91.000000 0.011652
92.000000 0.011641
93.000000 0.011128
94.000000 0.011892
95.000000 0.011918
96.000000 0.010826
97.000000 0.011897
98.000000 0.011335
99.000000 0.011386
