1,0.301454
2,0.134823
3,0.113113
4,0.089818
5,0.083806
6,0.072834
7,0.070735
8,0.068272
9,0.062361
10,0.059389
11,0.058167
12,0.056865
13,0.062918
14,0.057156
15,0.057538
16,0.059124
17,0.057936
18,0.053746
19,0.059255
20,0.060199
21,0.054548
22,0.052215
23,0.052825
24,0.056071
25,0.056307
26,0.051761
27,0.049886
28,0.053077
29,0.046550
30,0.047332
31,0.045190
32,0.044804
33,0.039573
34,0.041140
35,0.038032
36,0.040075
37,0.042512
38,0.042399
39,0.042513
40,0.045272
41,0.043257
42,0.041607
43,0.043884
44,0.044131
45,0.044767
46,0.042634
47,0.041050
48,0.042705
49,0.040305
50,0.038501
51,0.040028
52,0.039226
53,0.043350
54,0.040624
55,0.036152
56,0.036689
57,0.035481
58,0.037157
59,0.041142
60,0.043130
61,0.043426
62,0.039406
63,0.038015
64,0.039069
65,0.037372
66,0.042283
67,0.039742
68,0.037563
69,0.037667
70,0.037100
71,0.033178
72,0.034260
73,0.034847
74,0.034117
75,0.032160
76,0.034745
77,0.042550
78,0.036551
79,0.036792
80,0.033942
81,0.038409
82,0.040392
83,0.037582
84,0.035274
85,0.034599
86,0.030533
87,0.032242
88,0.033225
89,0.034134
90,0.034272
91,0.039895
92,0.038762
93,0.037408
94,0.036034
95,0.035128
96,0.034329
97,0.036300
98,0.030049
99,0.030639
100,0.031949
