1,0.293450
2,0.129447
3,0.123973
4,0.100584
5,0.087393
6,0.080940
7,0.076168
8,0.069403
9,0.062360
10,0.065697
11,0.065147
12,0.065552
13,0.064046
14,0.065867
15,0.059891
16,0.063171
17,0.059742
18,0.056974
19,0.057546
20,0.058735
21,0.052997
22,0.053093
23,0.051980
24,0.050688
25,0.049935
26,0.048663
27,0.047230
28,0.044742
29,0.049072
30,0.043975
31,0.047451
32,0.048491
33,0.047290
34,0.046047
35,0.045865
36,0.042339
37,0.043745
38,0.047136
39,0.042888
40,0.042051
41,0.037706
42,0.039551
43,0.039051
44,0.038055
45,0.038182
46,0.039207
47,0.042940
48,0.039021
49,0.038851
50,0.039675
51,0.038262
52,0.039950
53,0.037186
54,0.037998
55,0.037298
56,0.039644
57,0.035513
58,0.038747
59,0.036503
60,0.038818
61,0.037885
62,0.037620
63,0.041908
64,0.039507
65,0.036118
66,0.037275
67,0.036441
68,0.035194
69,0.036788
70,0.038442
71,0.035202
72,0.034511
73,0.032334
74,0.034257
75,0.032737
76,0.033223
77,0.034705
78,0.036258
79,0.038403
80,0.037143
81,0.037476
82,0.039585
83,0.038662
84,0.034942
85,0.035861
86,0.031196
87,0.034087
88,0.031295
89,0.033770
90,0.035206
91,0.032282
92,0.032608
93,0.035537
94,0.033106
95,0.034857
96,0.035640
97,0.034867
98,0.035656
99,0.036787
100,0.035841
