1,0.152098
2,0.083839
3,0.068118
4,0.060831
5,0.056788
6,0.052881
7,0.052274
8,0.046295
9,0.046037
10,0.042554
11,0.043467
12,0.044186
13,0.038656
14,0.036806
15,0.037835
16,0.036937
17,0.037496
18,0.037758
19,0.036785
20,0.037473
21,0.033253
22,0.034353
23,0.032160
24,0.030958
25,0.033493
26,0.032367
27,0.033012
28,0.031563
29,0.032063
30,0.033557
31,0.032508
32,0.031528
33,0.032388
34,0.030765
35,0.033161
36,0.034187
37,0.033337
38,0.031250
39,0.030922
40,0.032444
41,0.032956
42,0.032453
43,0.032951
44,0.033382
45,0.033205
46,0.031765
47,0.030987
48,0.031196
49,0.031769
50,0.032006
51,0.032894
52,0.032975
53,0.030809
54,0.032723
55,0.030254
56,0.030639
57,0.031832
58,0.029670
59,0.030220
60,0.032975
61,0.031690
62,0.033104
63,0.031565
64,0.031633
65,0.032608
66,0.030429
67,0.032453
68,0.029440
69,0.030687
70,0.027808
71,0.029934
72,0.031589
73,0.030410
74,0.030730
75,0.030048
76,0.030886
77,0.030832
78,0.031820
79,0.032992
80,0.031526
81,0.028731
82,0.029424
83,0.032354
84,0.028715
85,0.027020
86,0.030298
87,0.026588
88,0.028270
89,0.029684
90,0.030199
91,0.026304
92,0.027786
93,0.028059
94,0.023496
95,0.025717
96,0.027739
97,0.028900
98,0.027974
99,0.026598
100,0.027110
